0
18730
23050
3
4
5
23915
7
8
9
10
11
24348
13
14
15
16
17
18
19
20
21
22
23
24725
25
26
25509
28
29
25961
31
32
33
26155
35
36
37
38
39
40
41
42
43
27546
45
31010
47
31040
49
50
31749
52
53
54
55
56
57
58
59
60
61
62
63
64
65
32134
67
68
69
32732
35092
35202
35538
74
36797
76
77
78
79
37463
81
82
83
38954
85
86
87
88
89
90
91
92
93
94
95
96
97
98
99
100
101
102
103
104
39675
106
107
108
40430
110
111
112
113
40695
115
116
117
118
41453
41837
121
122
43498
124
125
126
127
43812
129
130
131
132
133
134
135
136
137
45053
139
140
141
45403
46645
47732
47747
146
147
148
149
48323
151
152
153
49050
155
49386
157
158
49544
160
161
162
50400
50754
165
166
167
54224
169
170
171
172
173
174
175
55321
177
178
179
55877
181
182
183
55935
185
56756
187
188
189
190
191
58191
193
194
195
196
197
198
199
200
201
202
59390
204
205
206
207
61513
209
210
62503
63689
213
214
215
216
217
218
219
220
221
222
223
224
64023
226
227
228
229
64101
64968
232
233
234
235
236
237
67306
239
240
67346
242
243
244
245
246
247
248
249
250
251
252
253
67920
255
256
257
258
259
260
70915
262
263
264
265
266
267
268
269
270
271
272
273
274
275
276
71148
278
279
280
281
282
283
284
72613
286
72984
73597
289
290
291
74150
293
294
75671
296
297
298
299
79322
79654
80133
303
304
305
306
307
308
309
310
311
82145
313
314
315
316
317
318
319
320
82475
322
323
324
325
326
87048
328
329
330
331
87761
333
334
335
88641
337
338
339
340
341
35807
343
344
345
346
347
348
349
350
351
352
73781
354
355
356
357
358
359
360
361
362
363
364
365
366
367
368
369
370
371
69806
373
374
375
376
377
378
379
380
48525
47984
383
49630
385
386
35448
388
389
390
391
392
57707
394
395
396
397
86335
399
400
401
78061
403
404
405
406
81553
408
57541
410
411
412
413
414
415
60549
35917
418
419
420
421
422
423
37198
425
426
427
428
429
430
88435
432
433
434
435
436
437
40280
439
440
441
52281
443
18336
445
446
447
448
449
59033
451
452
453
24040
455
456
457
458
65675
460
26807
31116
44488
464
465
48872
467
468
62732
470
471
472
473
474
475
63339
7574
478
479
480
481
482
483
484
485
486
487
488
31852
490
66714
27850
493
43656
495
496
61556
30122
44157
500
501
41496
503
504
505
506
507
508
509
510
511
512
513
514
515
38907
517
518
519
520
49725
522
523
62801
525
526
527
528
529
530
44445
23111
533
14212
535
536
537
538
539
540
541
542
543
10386
545
546
547
548
549
550
551
552
553
25222
555
17970
557
38631
559
60047
561
73159
53475
564
565
566
567
85744
569
570
571
572
45609
574
575
576
28775
578
579
580
581
582
583
584
585
586
43902
588
589
590
591
592
593
594
77283
596
597
598
599
600
79557
602
603
604
30372
606
607
608
609
610
611
612
613
614
615
616
617
618
619
620
621
622
623
624
625
626
627
628
27839
630
631
632
40418
634
635
636
44897
638
639
640
641
642
46830
82184
645
30935
647
648
649
650
651
652
653
654
655
656
657
658
659
660
661
18280
663
664
665
19442
19920
668
669
670
671
672
23201
674
675
676
677
678
679
680
681
682
683
24945
685
25071
687
688
689
690
691
692
27339
694
695
696
697
698
699
700
701
27447
27779
704
705
706
707
29192
709
710
711
712
713
714
715
716
717
718
719
720
721
722
723
724
725
726
727
728
729
730
731
31976
733
734
735
32001
737
738
739
740
741
742
743
744
745
746
747
748
749
750
33986
752
753
754
755
756
757
758
759
760
761
762
34018
35249
765
35780
767
36486
769
770
771
37579
46916
774
775
47115
777
778
779
780
52122
782
783
784
785
786
53020
788
789
56286
791
792
793
794
795
796
797
798
799
800
801
802
803
804
805
806
807
808
809
57509
64440
812
813
67684
815
816
817
68638
819
820
72437
74972
823
80509
825
826
827
828
829
830
81995
832
833
834
835
83266
837
838
839
840
85445
842
843
844
845
846
33357
848
849
850
11141
852
853
854
855
856
857
858
859
860
86902
862
863
864
35409
66810
867
868
69840
870
43112
47345
24812
874
37756
876
877
24458
21800
880
881
50334
883
884
885
886
887
888
889
890
891
892
893
894
895
896
897
898
899
900
901
902
903
904
88793
906
907
908
909
910
911
912
913
29636
915
916
917
918
76171
920
921
922
923
924
70209
46636
927
928
929
930
32877
30209
64421
934
935
936
937
938
80414
940
60586
942
943
944
945
39095
51417
948
949
950
951
34838
953
954
63551
59042
957
958
959
960
961
962
34786
964
965
966
967
968
969
970
29432
972
973
974
975
976
977
978
62369
980
981
982
27009
984
985
70091
987
67532
989
990
991
29268
45215
994
995
996
997
998
999
1000
1001
1002
49606
1004
1005
1006
1007
1008
1009
1010
1011
1012
1013
1014
1015
1016
1017
1018
1019
1020
1021
1022
1023
1024
1025
1026
78603
1028
1029
1030
1031
80683
1033
1034
1035
1036
39820
1038
15554
62043
1041
73394
1043
1044
1045
57308
1047
1048
37050
52521
45141
1052
1053
1054
1055
1056
50408
1058
77316
1060
20375
1062
1063
1064
1065
1066
1067
1068
1069
48366
1071
1072
69667
1074
1075
72138
1077
1078
1079
1080
1081
84787
1083
1084
1085
87340
38640
1088
1089
48504
1091
1092
1093
1094
1095
1096
1097
1098
69454
1100
1101
1102
1103
1104
1105
1106
10093
1108
1109
1110
1111
43662
1113
1114
1115
1116
1117
1118
1119
1120
1121
1122
1123
1124
1125
1126
1127
44424
1129
1130
44920
1132
1133
1134
1135
1136
1137
1138
1139
1140
54693
68283
1143
79843
1145
46186
1147
1148
1149
1150
1151
1152
1153
45928
1155
1156
85392
18870
85250
1160
31283
1162
27145
1164
38542
1166
1167
1168
1169
1170
1171
1172
1173
1174
1175
83568
1177
1178
1179
1180
1181
33453
1183
1184
69279
1186
1187
1188
1189
1190
71552
1192
28901
50939
1195
1196
1197
57401
1199
68903
1201
32861
1203
1204
1205
1206
1207
1208
1209
1210
1211
9847
48120
1214
1215
65594
67055
1218
1219
1220
1221
1222
17607
1224
1225
1226
1227
1228
1229
1230
52888
1232
1233
1234
1235
1236
1237
27704
1239
1240
53462
1242
1243
56477
1245
1246
1247
1248
1249
1250
1251
1252
1253
33371
1255
1256
1257
1258
1259
1260
1261
1262
1263
1264
1265
41820
1267
1268
1269
1270
22021
1272
6689
1274
1275
1276
1277
1278
1279
1280
1281
1282
1283
1284
21466
1286
1287
1288
1289
1290
1291
85940
1293
57591
1295
1296
87680
1298
1299
1300
1301
1302
1303
1304
81436
1306
41732
24411
1309
67337
1311
1312
1313
1314
25728
1316
29208
1318
1319
1320
1321
1322
32234
1324
1325
80419
1327
1328
1329
1330
47374
1332
1333
1334
1335
1336
1337
1338
86830
86957
50403
1342
1343
1344
1345
41177
1347
46284
1349
1350
84437
1352
29372
13777
31422
1356
1357
1358
34726
51647
59192
88116
1363
1364
1365
1366
1367
1368
1369
1370
1371
1372
1373
1374
1375
1376
1377
1378
1379
55940
86300
1382
1383
42901
1385
1386
1387
30406
1389
1390
1391
1392
1393
1394
1395
1396
12349
1398
37254
1400
49582
1402
1403
1404
1405
28581
1407
39393
1409
1410
1411
1412
58094
4111
1415
1416
21813
1418
1419
52146
1421
1422
31965
1424
1425
1426
1427
27849
1429
1430
1431
1432
41858
1434
33822
1436
1437
13496
1439
1440
1441
1442
1443
1444
1445
42051
1447
43352
1449
1450
9344
1452
1453
1454
43147
1456
37595
1458
1459
1460
1461
1462
59985
1464
1465
22044
1467
1468
1469
1470
1471
1472
1473
1474
1475
1476
37955
1478
1479
1480
87573
1482
1483
1484
1485
1486
1487
1488
73537
1490
1491
1492
63589
1494
1495
1496
26305
1498
1499
1500
1501
1502
1503
1504
1505
89488
29613
1508
1509
1510
1511
1512
1513
1514
1515
33831
1517
52734
1519
1520
1521
61192
1523
1524
85542
1526
1527
80848
1529
1530
1531
1532
29564
1534
1535
1536
1537
49439
1539
1540
1541
1542
1543
1544
1545
1546
1547
1548
1549
1550
30341
8497
1553
1554
1555
1556
1557
1558
1559
43351
1561
1562
1563
1564
1565
1566
1567
1568
1569
1570
79629
1572
1573
10365
1575
1576
1577
1578
19037
1580
1581
41305
1583
35519
1585
1586
1587
34257
1589
58003
52470
1592
1593
1594
1595
1596
1597
1598
1599
1600
1601
1602
1603
1604
1605
1606
22642
1608
1609
30242
1611
1612
26563
1614
1615
1616
1617
1618
1619
1620
1621
66342
1623
1624
1625
1626
1627
1628
1629
1630
1631
1632
1633
1634
1635
1636
43010
1638
1639
1640
1641
1642
1643
1644
1645
1646
1647
1648
1649
1650
1651
67017
1653
1654
1655
1656
1657
1658
1659
1660
1661
1662
22430
1664
52722
1666
33210
1668
1669
1670
59984
29193
66096
1674
1675
23503
1677
1678
1679
28355
34744
50739
1683
1684
1685
1686
1687
47128
1689
1690
1691
1692
1693
1694
1695
1696
1697
1698
57700
1700
1701
1702
1703
1704
1705
85153
1707
1708
1709
87748
1711
57220
66959
1714
1715
1716
79738
1718
18163
1720
1721
1722
1723
1724
1725
1726
1727
1728
1729
1730
31486
1732
1733
1734
43004
83388
1737
1738
1739
1740
1741
1742
1743
1744
1745
1746
1747
1748
1749
1750
1751
40705
1753
45913
1755
1756
1757
1758
50957
1760
1761
1762
1763
1764
1765
1766
1767
1768
1769
1770
1771
1772
1773
1774
87693
1776
1777
1778
1779
1780
1781
1782
1783
86667
41935
1786
1787
1788
1789
1790
1791
1792
1793
5078
27485
1796
34530
1798
1799
1800
1801
1802
1803
1804
1805
1806
1807
1808
1809
1810
1811
1812
1813
1814
1815
1816
1817
1818
1819
38441
1821
1822
1823
1824
1825
1826
1827
1828
1829
1830
1831
1832
1833
45725
1835
1836
1837
1838
1839
1840
1841
1842
1843
1844
83304
1846
1847
1848
1849
1850
1851
1852
1853
1854
1855
23546
1857
1858
1859
34561
1861
1862
1863
57778
1865
1866
1867
1868
1869
83168
1871
1872
1873
1874
1875
1876
1877
1878
1879
1880
15350
1882
1883
1884
78315
1886
1887
64947
28275
1890
42231
1892
1893
1894
1895
52732
1897
36649
1899
1900
1901
1902
1903
1904
1905
1906
1907
68792
34856
62439
1911
1912
427
1914
1915
28491
29690
1918
1919
1920
1921
1922
1923
1924
1925
1926
38559
1928
1929
24501
1931
43479
1933
8278
1935
1936
54101
1938
1939
41757
1941
1942
1943
22157
1945
41347
83790
1948
1949
1950
1951
1952
1953
1954
38106
18255
1957
1958
64197
1960
1961
31270
1963
1964
1965
1966
1967
1968
1969
1970
1971
1972
1973
1974
1975
1976
1977
1978
1979
1980
1981
1982
1983
1984
1985
1986
1987
1988
1989
1990
1991
1992
1993
1994
1995
1996
1997
1998
36298
2000
2001
2002
2003
2004
41648
38847
2007
2008
2009
2010
60409
2012
68243
2014
2015
2016
2017
2018
2019
38159
2021
2022
2023
47289
2025
2026
2027
2028
2029
9862
2031
2032
2033
2034
2035
2036
2037
2038
2039
2040
2041
2042
2043
3524
2045
2046
2047
2048
2049
2050
2051
2052
2053
75824
2055
2056
2057
2058
2059
2060
2061
2062
2063
2064
87444
2066
2067
56519
64135
71629
2071
54090
2073
15889
18582
59324
2077
2078
2079
2080
2081
2082
2083
2084
2085
2086
2087
2088
2089
2090
2091
2092
2093
38409
2095
2096
2097
2098
2099
2100
2101
2102
2103
9978
38652
2106
2107
7967
2109
2110
2111
32559
2113
2114
2115
2116
2117
2118
2119
2120
43154
2122
2123
2124
2125
2126
2127
2128
2129
2130
2131
71478
2133
20983
2135
2136
2137
2138
2139
2140
2141
2142
2143
2144
56734
30946
2147
2148
2149
2150
2151
2152
2153
2154
2155
2156
2157
2158
2159
20565
2161
2162
2163
2164
2165
2166
2167
2168
89285
2170
2171
2172
2173
57487
2175
2176
2177
2178
2179
73440
1197
33505
11362
2184
45463
2186
2187
2188
2189
2190
2191
2192
2193
2194
2195
2196
2197
2198
2199
2200
2201
2202
4280
2204
2205
2206
2207
2208
2209
2210
2211
2212
52765
2214
2215
2216
2217
2218
2219
2220
2221
2222
2223
2224
2225
43084
2227
2228
2229
2230
13881
2232
2233
4953
2235
2236
2237
2238
43458
30327
2241
2242
10242
2244
2245
2246
2247
2248
2249
2250
2251
2252
2253
2254
2255
35908
2257
58818
2259
58624
2261
2262
2263
2264
2265
2266
2267
2268
2269
2270
2271
12341
2273
2274
2275
15802
2277
54081
2279
2280
2281
2282
2283
2284
17032
2286
2287
2288
79781
2290
2291
2292
33275
45135
2295
16598
2297
2298
2299
2300
77428
2302
2303
2304
2305
2306
2307
2308
2309
2310
2311
2312
2313
2314
17313
2316
2317
2318
2319
2320
75005
2322
2323
2324
2325
2326
2327
20420
2329
2330
2331
2332
2333
34494
2335
36442
2337
44175
2339
2340
2341
41198
2343
2344
2345
2346
12919
24908
56177
2350
2351
2352
31358
37065
2355
2356
2357
41304
2359
45509
2361
2362
2363
84513
2365
9150
2367
46737
17963
24190
2371
2372
2373
2374
2375
2376
2377
2378
84693
2380
51787
2382
2383
2384
9746
50262
2387
2388
40314
2390
2391
2392
2393
2394
77323
2396
2397
2398
72221
2400
2401
39495
2403
2404
2405
2406
2407
2408
2409
2410
21836
2412
2413
2414
2415
70413
2417
2418
2419
2420
27895
55380
2423
2424
2425
2426
2427
87099
16636
2430
2431
2432
17388
2434
2435
2436
30369
25534
2439
2440
79423
2442
2443
38541
2445
2446
44250
2448
45061
2450
2451
87883
2453
88422
2455
41330
2457
2458
23792
2460
2461
2462
2463
2464
29519
2466
37223
2468
2469
2470
2471
33388
2473
2474
48631
32184
2477
43834
2479
19950
2481
2482
31167
2484
2485
37369
2487
27535
2489
2490
48367
2492
2493
2494
2495
2496
53614
19277
2499
89259
2501
2502
89190
2504
2505
89160
2507
2508
88579
2510
2511
2512
2513
2514
88383
87991
2517
2518
2519
2520
87945
2522
2523
2524
2525
2526
87879
2528
2529
2530
2531
2532
2533
87799
87725
2536
2537
2538
2539
2540
87639
87344
2543
2544
2545
2546
2547
2548
2549
2550
2551
2552
2553
87332
2555
2556
2557
2558
2559
2560
2561
2562
2563
2564
2565
2566
2567
87042
2569
86386
2571
86380
2573
2574
2575
2576
85938
2578
85402
2580
2581
2582
2583
2584
2585
2586
2587
2588
2589
2590
84829
2592
2593
2594
84794
2596
2597
2598
2599
2600
2601
2602
2603
84534
84392
2606
2607
84240
2609
2610
2611
83227
2613
2614
2615
82870
2617
82828
2619
2620
2621
2622
2623
2624
2625
2626
82760
2628
2629
2630
2631
2632
2633
2634
82559
2636
2637
2638
2639
2640
2641
2642
2643
82427
2645
2646
82405
82096
2649
2650
2651
2652
2653
2654
2655
81829
2657
2658
2659
81618
2661
2662
81445
2664
2665
81353
2667
2668
2669
2670
2671
2672
2673
2674
2675
2676
81300
80945
80909
2680
2681
80730
2683
2684
2685
2686
2687
2688
2689
2690
2691
2692
2693
2694
2695
2696
2697
2698
2699
2700
2701
2702
2703
2704
2705
2706
2707
2708
2709
2710
80409
80236
2713
79874
79293
2716
2717
79154
2719
2720
2721
2722
2723
2724
2725
2726
79073
2728
78841
2730
78834
2732
2733
2734
2735
78718
2737
2738
2739
78480
2741
78095
2743
2744
77886
2746
2747
77768
2749
2750
2751
2752
2753
2754
77529
2756
2757
77426
2759
2760
2761
2762
2763
77411
2765
2766
2767
2768
2769
2770
2771
77322
2773
2774
2775
2776
2777
2778
2779
2780
2781
77195
2783
2784
2785
2786
2787
76799
2789
2790
2791
2792
76590
76110
2795
2796
2797
2798
2799
2800
76030
75911
2803
2804
75901
2806
2807
2808
2809
75850
2811
2812
75832
2814
75677
2816
2817
2818
2819
2820
2821
2822
2823
2824
2825
2826
2827
75327
2829
75218
74895
2832
2833
74743
2835
2836
2837
2838
2839
2840
2841
2842
2843
2844
2845
74255
2847
74151
2849
2850
2851
2852
2853
2854
2855
2856
2857
2858
2859
2860
2861
73787
2863
2864
73334
2866
2867
2868
2869
2870
73256
2872
72691
2874
72260
2876
72202
2878
2879
2880
2881
2882
2883
2884
2885
2886
2887
2888
2889
2890
2891
71373
2893
2894
2895
2896
2897
2898
2899
2900
2901
2902
2903
2904
2905
2906
70644
2908
2909
2910
70281
2912
2913
69798
2915
2916
2917
2918
2919
2920
2921
2922
2923
2924
2925
2926
2927
69751
2929
2930
2931
2932
69734
69649
69424
2936
2937
69123
2939
2940
2941
68901
68362
2944
68204
2946
2947
67514
2949
2950
2951
2952
2953
2954
2955
2956
2957
2958
2959
2960
2961
2962
2963
2964
2965
2966
2967
2968
2969
2970
2971
2972
2973
2974
67122
67041
2977
2978
2979
2980
2981
2982
2983
2984
2985
2986
2987
2988
2989
2990
2991
2992
2993
66886
66884
66846
2997
66639
2999
66474
3001
3002
3003
3004
66152
3006
3007
3008
3009
65601
3011
3012
3013
3014
3015
3016
3017
3018
3019
3020
65126
3022
3023
3024
3025
3026
65005
3028
3029
3030
3031
3032
3033
3034
3035
3036
3037
3038
3039
3040
3041
3042
3043
3044
3045
3046
3047
3048
3049
3050
3051
3052
3053
3054
3055
3056
3057
3058
3059
3060
3061
3062
3063
64089
3065
63804
3067
63694
3069
3070
3071
3072
3073
3074
3075
3076
63399
3078
3079
3080
3081
3082
3083
3084
3085
3086
3087
3088
63060
3090
63051
3092
3093
3094
3095
62618
3097
3098
3099
3100
3101
62536
62398
62396
3105
62261
62066
3108
3109
3110
3111
3112
61865
3114
3115
3116
3117
61720
61612
3120
3121
61300
3123
3124
61086
60973
3127
3128
3129
60613
3131
3132
3133
3134
3135
3136
3137
3138
3139
3140
3141
3142
3143
3144
3145
3146
3147
3148
3149
3150
3151
60354
3153
60165
3155
3156
3157
3158
3159
3160
3161
60142
3163
60137
3165
3166
3167
60125
3169
59949
3171
3172
3173
59699
3175
59660
3177
59222
3179
59174
3181
3182
59161
3184
3185
58801
58741
3188
3189
3190
3191
3192
3193
3194
58707
3196
3197
3198
3199
3200
3201
58474
58224
3204
3205
3206
3207
3208
3209
3210
3211
58206
3213
58066
3215
3216
58052
3218
3219
3220
3221
3222
3223
3224
3225
3226
3227
3228
3229
3230
57988
3232
3233
57349
57116
3236
3237
3238
3239
56983
3241
3242
3243
3244
3245
3246
3247
3248
3249
3250
3251
3252
3253
3254
3255
56686
3257
3258
3259
3260
56318
3262
3263
3264
3265
3266
3267
3268
56121
3270
3271
3272
3273
3274
3275
55698
3277
55445
3279
55421
3281
3282
55383
55381
55341
3286
54898
3288
3289
3290
3291
3292
54867
3294
3295
3296
54862
3298
3299
54857
3301
3302
3303
54798
3305
54206
3307
3308
3309
3310
3311
3312
3313
3314
3315
54176
3317
3318
3319
3320
3321
3322
3323
3324
3325
54126
3327
3328
3329
3330
3331
3332
3333
3334
3335
3336
52360
3338
52082
3340
3341
3342
51524
3344
3345
3346
3347
3348
3349
3350
51239
3352
51041
3354
3355
3356
3357
3358
3359
3360
3361
3362
50763
3364
3365
3366
3367
3368
50512
3370
3371
3372
50413
3374
3375
3376
3377
3378
3379
50326
50284
3382
50227
50166
3385
3386
3387
3388
3389
3390
3391
3392
3393
3394
3395
3396
3397
3398
3399
50020
3401
49674
49601
3404
49357
3406
3407
3408
3409
3410
3411
3412
3413
3414
3415
3416
49166
3418
3419
3420
3421
49102
3423
3424
3425
3426
3427
3428
3429
3430
3431
3432
48719
3434
3435
48480
3437
3438
3439
48229
48115
3442
3443
3444
47842
3446
3447
3448
3449
3450
3451
3452
3453
3454
47736
3456
3457
3458
3459
47565
3461
47301
46722
3464
3465
3466
3467
46591
3469
3470
46252
46202
3473
3474
3475
3476
46153
46144
3479
3480
3481
3482
45438
3484
3485
45413
3487
3488
3489
3490
45087
44670
3493
44086
3495
3496
3497
43803
43649
3500
3501
43566
3503
3504
3505
3506
3507
3508
3509
3510
3511
3512
3513
3514
3515
3516
3517
3518
3519
3520
3521
3522
3523
3524
3525
3526
3527
3528
3529
3530
3531
3532
3533
43263
3535
3536
3537
3538
3539
3540
3541
3542
43236
3544
3545
3546
3547
3548
3549
3550
43087
3552
3553
3554
3555
3556
42790
3558
3559
3560
42668
42477
3563
3564
42241
3566
3567
3568
3569
3570
42088
3572
3573
3574
3575
3576
3577
41941
3579
3580
41162
3582
3583
3584
3585
3586
3587
3588
3589
3590
3591
3592
3593
3594
40786
3596
3597
3598
3599
3600
3601
3602
3603
3604
3605
3606
3607
3608
3609
3610
3611
3612
3613
3614
40665
40434
3617
3618
3619
3620
3621
3622
3623
3624
3625
3626
39852
3628
3629
3630
3631
3632
39639
3634
3635
3636
3637
3638
3639
3640
3641
3642
3643
3644
39143
3646
38730
3648
3649
3650
3651
3652
38727
3654
38422
3656
3657
3658
3659
3660
3661
3662
3663
3664
3665
37294
3667
3668
3669
3670
3671
3672
3673
3674
3675
3676
37058
3678
3679
3680
36731
3682
3683
3684
3685
3686
3687
36391
3689
3690
36187
3692
3693
3694
36128
35581
3697
3698
3699
3700
3701
35314
3703
3704
3705
34505
3707
3708
3709
3710
3711
3712
3713
3714
3715
3716
3717
3718
3719
3720
34487
3722
3723
3724
34209
3726
33943
3728
3729
3730
33815
33108
3733
3734
3735
3736
32974
3738
3739
3740
32794
3742
3743
3744
32382
3746
3747
32019
3749
31493
3751
3752
30954
30925
3755
3756
3757
3758
3759
3760
30775
3762
3763
3764
3765
3766
3767
3768
3769
3770
3771
3772
30289
30170
3775
3776
3777
3778
3779
28786
3781
3782
3783
3784
3785
3786
3787
3788
3789
3790
28312
28306
3793
3794
3795
3796
3797
3798
3799
3800
3801
3802
3803
28142
3805
3806
3807
3808
3809
3810
3811
28127
3813
3814
3815
3816
3817
3818
3819
3820
3821
28065
27784
3824
3825
3826
3827
3828
27634
3830
3831
27017
3833
3834
26909
3836
26130
3838
3839
3840
3841
3842
3843
3844
3845
3846
3847
3848
3849
3850
3851
3852
3853
3854
25657
3856
3857
24961
24914
3860
3861
3862
3863
3864
24763
3866
24741
24735
3869
3870
3871
3872
3873
3874
3875
3876
3877
3878
3879
3880
24694
3882
3883
24617
3885
3886
3887
3888
3889
3890
23913
3892
3893
3894
3895
3896
3897
3898
3899
23810
23269
22077
3903
3904
3905
18946
18795
3908
3909
3910
3911
3912
3913
3914
3915
11613
3917
3918
3919
3920
3921
3922
3923
3924
3925
3926
3927
49628
3929
68842
54307
3932
41411
3934
3935
3936
3937
3938
3939
72363
3941
3942
3943
3944
3945
76755
3947
3948
3949
3950
17189
3952
66778
3954
3955
3956
3957
3958
3959
3960
20221
3962
87699
3964
3965
3966
3967
3968
3969
3970
3971
3972
82567
3974
3975
3976
3977
3978
3979
69630
3981
3982
3983
3984
3985
59770
58282
3988
3989
3990
50221
80388
3993
88233
3995
61795
3997
44092
3999
4000
4001
4002
4003
4004
4005
88109
4007
4008
4009
4010
4011
4012
4013
59126
4015
4016
82333
4018
4019
83441
4021
4022
4023
4024
4025
4026
4027
4028
4029
4030
66648
4032
4033
4034
4035
4036
4037
4038
4039
4040
4041
4042
4043
4044
4045
4046
4047
4048
4049
4050
4051
4052
78570
74357
73040
62488
4057
4058
4059
4060
4061
4062
4063
4064
4065
4066
44222
4068
4069
4070
4071
4072
4073
4074
34196
4076
26100
4078
4079
76084
68862
32633
4083
30930
87927
4086
86282
4088
4089
4090
84962
4092
4093
4094
83219
4096
4097
80684
78264
4100
76120
4102
4103
4104
75984
4106
73279
4108
4109
4110
4111
4112
4113
4114
4115
4116
72017
4118
4119
4120
4121
4122
4123
4124
4125
4126
4127
4128
4129
4130
69518
4132
4133
4134
68433
4136
4137
4138
4139
4140
4141
64203
61955
54647
4145
4146
4147
4148
4149
4150
4151
54367
4153
4154
4155
4156
4157
4158
46210
4160
4161
45872
45190
4164
4165
4166
32729
65008
4169
4170
4171
61764
4173
4174
4175
4176
4177
48457
4179
4180
4181
33045
4183
4184
4185
4186
4187
4188
4189
4190
62410
4192
4193
4194
48177
4196
4197
76270
4199
4200
88866
88239
86480
4204
4205
4206
4207
4208
4209
4210
4211
4212
4213
4214
84617
4216
4217
4218
4219
4220
4221
4222
83411
83106
4225
81974
4227
4228
80158
4230
4231
4232
4233
4234
4235
4236
4237
4238
4239
4240
4241
4242
78425
4244
4245
77121
74883
4248
4249
4250
72759
70718
4253
67801
65040
63257
62673
4258
4259
4260
4261
4262
4263
4264
4265
4266
4267
4268
4269
4270
4271
58483
4273
4274
4275
4276
4277
56338
4279
4280
4281
4282
4283
4284
4285
4286
54894
53619
4289
4290
4291
4292
4293
52973
4295
4296
4297
4298
47362
4300
4301
4302
4303
4304
4305
4306
46889
46367
4309
4310
4311
4312
4313
4314
4315
4316
45958
4318
4319
4320
4321
4322
45686
4324
4325
4326
44536
4328
4329
4330
4331
4332
4333
4334
4335
4336
41717
4338
4339
4340
4341
35293
4343
35265
4345
76985
4347
4348
4349
4350
4351
4352
4353
4354
4355
78052
4357
4358
4359
4360
75756
4362
4363
56041
4365
4366
4367
36780
4369
4370
4371
4372
4373
4374
35163
4376
4377
4378
4379
4380
4381
4382
4383
23284
4385
4386
4387
4388
4389
4390
49327
4392
29760
4394
4395
4396
4397
4398
4399
56256
4401
4402
28388
52975
4405
35219
4407
4408
4409
4410
4411
17329
4413
4414
4415
32553
4417
4418
4419
4420
80007
4422
4423
4424
4425
78751
66908
4428
4429
4430
4431
4432
4433
4434
4435
34636
4437
4438
31556
4440
4441
4442
4443
4444
4445
4446
4447
4448
4449
4450
48363
4452
4453
4454
4455
4456
4457
4458
4459
4460
4461
4462
4463
4464
47603
4466
4467
4468
4469
4470
4471
77263
74540
4474
4475
4476
38883
4478
4479
4480
4481
4482
4483
30255
4485
83315
4487
89329
4489
4490
87532
4492
4493
4494
4495
4496
4497
4498
4499
4500
4501
4502
4503
4504
4505
84447
4507
4508
80715
4510
4511
4512
80026
4514
4515
4516
4517
4518
4519
4520
4521
4522
4523
4524
4525
76579
4527
4528
4529
4530
4531
4532
4533
4534
4535
75261
4537
4538
4539
4540
4541
68222
4543
4544
4545
4546
66137
4548
4549
4550
4551
4552
4553
64640
4555
63565
4557
4558
4559
4560
4561
4562
4563
4564
59101
56692
55702
4568
4569
4570
4571
4572
55218
4574
4575
4576
4577
4578
51547
4580
4581
4582
4583
4584
4585
4586
4587
4588
4589
48549
48521
4592
4593
4594
4595
4596
4597
4598
4599
4600
4601
4602
4603
4604
4605
47021
4607
4608
4609
4610
4611
4612
4613
4614
4615
4616
4617
4618
4619
4620
46156
4622
45473
4624
4625
4626
4627
4628
4629
4630
4631
45322
45232
4634
4635
4636
4637
4638
4639
4640
4641
4642
4643
45203
43534
4646
4647
43398
4649
4650
4651
4652
4653
4654
4655
4656
43237
4658
4659
4660
4661
4662
4663
4664
4665
4666
42556
4668
4669
4670
4671
4672
4673
4674
4675
4676
4677
4678
39713
4680
4681
4682
39572
4684
4685
4686
4687
39344
39042
36440
4691
4692
35900
4694
4695
4696
4697
4698
4699
35300
4701
4702
4703
34732
4705
4706
31723
30940
4709
26070
4711
4712
4713
4714
4715
4716
4717
25246
4719
20120
4721
45122
4723
4724
4725
40913
37805
4728
4729
86928
4731
4732
4733
43856
4735
4736
4737
4738
4739
4740
4741
4742
42973
4744
4745
4746
4747
4748
4749
4750
4751
42356
4753
4754
4755
4756
4757
4758
40460
4760
4761
4762
4763
4764
4765
56405
4767
4768
4769
4770
84756
4772
4773
4774
4775
4776
4777
4778
4779
4780
4781
4782
4783
4784
4785
86488
83345
81088
4789
4790
4791
72911
4793
72143
4795
4796
72086
68767
66232
62483
62158
59902
4803
4804
4805
4806
4807
4808
4809
4810
4811
4812
4813
4814
51948
4816
4817
4818
4819
50930
4821
4822
32854
4824
4825
4826
4827
4828
4829
4830
4831
4832
32010
4834
4835
4836
4837
31092
4839
4840
28633
4842
4843
4844
4845
4846
28006
4848
4849
4850
4851
4852
79407
4854
4855
4856
4857
4858
4859
75962
4861
4862
4863
4864
4865
4866
75887
4868
4869
4870
4871
4872
4873
4874
4875
72057
4877
4878
4879
67813
67494
4882
4883
4884
4885
4886
4887
4888
4889
62052
61155
4892
4893
4894
4895
49151
4897
4898
34581
4900
34134
4902
4903
4904
4905
4906
4907
4908
4909
28708
69117
14427
4913
4914
4915
32561
4917
87893
4919
4920
81697
54510
4923
39242
4925
4926
4927
4928
4929
4930
4931
81772
4933
4934
4935
4936
4937
4938
4939
4940
4941
4942
4943
4944
81962
4946
4947
39007
4949
4950
4951
4952
4953
4954
4955
4956
4957
27008
4959
4960
4961
4962
4963
4964
18093
55495
4967
4968
4969
51936
4971
4972
4973
4974
4975
4976
4977
4978
4979
30366
4981
4982
4983
4984
4985
4986
61842
4988
4989
4990
4991
4992
4993
4994
4995
4996
4997
87971
4999
5000
